Command line: moran_model_boundary_mutation -f LOG_FILE 
Average moving times.
       0.000       9.898      20.738      32.023      44.253      57.022      69.814      83.367      96.358     110.715     126.232
      15.587       0.000      10.865      22.271      34.449      47.120      59.970      73.681      86.902     101.424     117.305
      29.808      14.255       0.000      11.480      23.641      36.388      49.245      62.917      76.413      91.323     107.052
      43.143      27.778      13.617       0.000      12.140      24.742      37.614      51.073      64.887      79.999      95.548
      56.614      41.185      26.997      13.350       0.000      12.708      25.651      39.220      52.967      67.747      83.250
      69.807      54.257      40.134      26.331      13.095       0.000      13.031      26.737      40.750      55.529      71.313
      82.188      66.734      52.591      38.792      25.627      12.618       0.000      13.530      27.465      42.136      57.804
      94.422      79.218      65.035      51.003      37.940      25.069      12.285       0.000      13.988      28.659      44.410
     105.234      90.272      76.345      62.625      49.496      36.884      24.028      11.789       0.000      14.640      30.398
     116.072     101.330      87.756      74.197      60.764      48.166      35.244      23.012      11.192       0.000      15.585
     125.955     111.527      97.779      84.045      70.590      58.264      45.259      33.105      21.281       9.967       0.000
The invariant distribution is:
0.38831053
0.04416285
0.02489584
0.01883053
0.01625283
0.01554211
0.01608566
0.01854088
0.02412615
0.04320395
0.39003807
